A = [570.399	-44.132298	-0.721648	1181.211426;
642.521	45.872799	12.690333	1271.986328;
640.699	-22.711166	-15.987032	1270.306885;
640.364	30.724964	33.227703	1269.387817;
633.694	-15.937449	11.926214	1261.731445;
590.768	35.593082	-16.015926	1207.316650;
598.521	23.278814	-37.432690	1216.956909;
603.903	38.655884	-23.487883	1223.710083;
591.616	13.165252	15.217422	1208.854614;
554.376	-4.937922	-20.570705	1161.305054;
610.842	6.484005	37.501514	1232.692261;
550.804	-3.739363	15.611323	1156.788696;
605.391	46.783798	11.125793	1225.477051;
553.309	-35.641670	-29.428854	1159.204590;
574.262	21.344898	20.070997	1186.604980;
599.237	-19.694441	-41.876919	1217.780396;
568.096	-20.708199	10.275996	1178.865845;
600.717	42.611912	-2.233329	1219.780762;
637.779	41.016857	5.145763	1266.303467;
597.73	-35.656113	-18.546280	1216.091187;
631.154	3.318594	-6.966257	1258.696045;
598.653	-7.272936	6.872672	1217.879761;
584.471	-36.042091	14.252206	1199.334473;
591.566	-18.173193	-18.662395	1208.677612;
577.817	-1.360912	-33.969021	1191.012573;
592.369	17.112061	-7.523651	1209.830444;
597.86	23.903437	-40.532150	1216.010132;
639.91	38.027809	4.011808	1269.053467;
641.07	-29.316767	-34.519012	1270.265503;
640.609	21.502415	-44.002163	1269.554932;
560.358	-6.054985	-39.077190	1168.513306;
637.07	23.862539	-17.478920	1265.749268;
604.381	36.336662	8.248852	1224.580688;
638.861	9.254873	41.705406	1267.604492;
573.577	-34.473206	-32.491917	1185.146606;
585.176	-9.095237	36.636894	1200.261353;
616.991	26.400461	-13.508517	1240.646729;
636.143	-41.177841	-28.528643	1263.948364;
581.361	-21.852869	26.571804	1195.512451;
648.667	38.269176	17.543459	1279.815552;
624.948	24.138195	40.173588	1250.088989;
649.892	7.275453	-7.165040	1281.985596];

B = A(:,4).*A(:,4) - (A(:,1).*A(:,1) + A(:,2).*A(:,2) + A(:,3).*A(:,3));
B = B.^0.5;
